150 0.000342673 0.00171117 0.00398472
160 0.000301422 0.00150486 0.00348116
170 0.000267195 0.00133369 0.00306337
180 0.000238483 0.00119011 0.00271292
190 0.000214162 0.00106848 0.00241608
200 0.00019338 0.000964559 0.00216244
210 0.000175483 0.00087506 0.00194401
220 0.00015996 0.000797436 0.00175457
230 0.000146409 0.000729674 0.00158919
240 0.00013451 0.000670172 0.00144398
250 0.000124004 0.00061764 0.00131578
260 0.000114683 0.000571031 0.00120203
270 0.000106375 0.000529485 0.00110064
280 9.89374e-05 0.000492297 0.00100988
290 9.22537e-05 0.000458876 0.000928325
300 8.6225e-05 0.000428731 0.000854759
