3 0.243889 0.564092 4.3948
23 0.0136305 0.0685014 0.167902
43 0.00404126 0.0202341 0.0492632
63 0.00190865 0.00954755 0.0231241
83 0.00110765 0.00553807 0.0133285
103 0.00072249 0.00361099 0.00862263
123 0.000508183 0.00253897 0.00600541
143 0.000376804 0.00188187 0.00440137
163 0.000290494 0.00145021 0.00334776
183 0.000230769 0.00115153 0.00261877
203 0.000187734 0.000936323 0.00209353
223 0.000155703 0.000776152 0.00170262
243 0.000131222 0.000653732 0.00140386
263 0.000112091 0.00055807 0.0011704
283 9.6858e-05 0.000481899 0.00098451
