1 7.15081 32.7937 78.1255
1.5 2.00979 11.2683 29.2052
2 0.529532 4.16784 12.5227
2.5 0.102748 1.36756 5.30222
3 0.0120399 0.327639 1.94333
3.5 0.000631508 0.0457318 0.514616
4 0.000190052 0.00228453 0.0760091
4.5 0.000276954 0.00126329 0.00234357
5 0.000342673 0.00171117 0.00398472
5.5 0.000414654 0.00207356 0.00505695
6 0.000493487 0.00246788 0.00602277
6.5 0.00057918 0.00289652 0.0070691
7 0.000671734 0.0033595 0.00819933
7.5 0.000771151 0.00385685 0.00941355
8 0.000877432 0.00438858 0.0107118
8.5 0.000990579 0.0049547 0.0120942
9 0.00111059 0.00555524 0.0135607
9.5 0.00123748 0.00619021 0.0151114
10 0.00137123 0.00685962 0.0167465
